0.000000 0.000000 -0.000000 0.000000 1.000000
0.104499 -0.014018 -0.028203 1.198998 1.199412
0.207793 -0.027874 -0.056081 2.384181 1.185592
0.311634 -0.041803 -0.084106 3.575628 1.191858
0.415494 -0.055735 -0.112136 4.767291 1.192074
0.519644 -0.069707 -0.140244 5.962283 1.195404
0.623401 -0.083626 -0.168246 7.152769 1.190897
0.727346 -0.097570 -0.196298 8.345400 1.193042
0.831180 -0.111499 -0.224319 9.536762 1.191773
0.935030 -0.125431 -0.252345 10.728320 1.191969
1.038877 -0.139362 -0.280370 11.919830 1.191921
1.142774 -0.153300 -0.308407 13.111910 1.192491
1.246636 -0.167141 -0.336295 14.303480 1.191977
1.350553 -0.181814 -0.365424 15.496590 1.193556
1.454410 -0.195073 -0.392444 16.687580 1.191370
1.558293 -0.208176 -0.419151 17.881040 1.193831
1.662157 -0.222069 -0.445081 19.076630 1.195952
1.766057 -0.237295 -0.471514 20.270190 1.193950
1.870090 -0.253156 -0.497782 21.464680 1.194884
1.973923 -0.270764 -0.524744 22.658830 1.194584
2.077874 -0.288791 -0.552730 23.852960 1.194594
2.181756 -0.307115 -0.581233 25.046840 1.194361
2.285652 -0.327351 -0.606984 26.243100 1.196708
2.389627 -0.347249 -0.632943 27.441680 1.199026
2.493488 -0.367798 -0.656564 28.637120 1.195850
2.597363 -0.389214 -0.682426 29.828300 1.191653
2.701441 -0.411276 -0.708720 31.027940 1.200131
2.806098 -0.435716 -0.735647 32.231930 1.204539
2.909338 -0.459653 -0.763253 33.420240 1.188872
3.013136 -0.484698 -0.791594 34.614800 1.195159
3.117132 -0.509819 -0.818272 35.812560 1.198320
3.221000 -0.536706 -0.845783 37.009280 1.197338
3.324990 -0.562741 -0.873467 38.206900 1.198223
3.428991 -0.590462 -0.900111 39.405490 1.199207
3.533061 -0.618170 -0.926858 40.602440 1.197569
3.636879 -0.646632 -0.953129 41.798710 1.196897
3.740870 -0.675668 -0.977631 42.995920 1.197813
3.844868 -0.708016 -1.000412 44.195630 1.200362
3.948871 -0.735861 -1.020365 45.395630 1.200489
4.052745 -0.761728 -1.037444 46.596120 1.200890
4.156747 -0.784447 -1.051207 47.801490 1.205663
4.260741 -0.805020 -1.064092 49.004540 1.203295
4.364619 -0.822002 -1.073850 50.203480 1.199100
4.468620 -0.840290 -1.085315 51.404570 1.201284
4.572617 -0.859463 -1.098286 52.605830 1.201483
4.676494 -0.875378 -1.112635 53.811250 1.205610
4.780371 -0.892873 -1.127883 55.015200 1.204174
4.884244 -0.911860 -1.143152 56.220270 1.205316
4.988118 -0.933231 -1.160687 57.427770 1.207816
5.091994 -0.956215 -1.175655 58.632620 1.205162
5.195994 -0.981436 -1.190278 59.838570 1.206302
5.299899 -1.006715 -1.205600 61.042090 1.203883
5.403745 -1.031126 -1.221320 62.245630 1.203890
5.507756 -1.053863 -1.237483 63.447470 1.202164
5.611618 -1.078473 -1.251701 64.647550 1.200417
5.715493 -1.103193 -1.267101 65.850400 1.203203
5.819513 -1.129538 -1.281112 67.047610 1.197582
5.923372 -1.157680 -1.293922 68.241070 1.193860
6.027387 -1.186930 -1.309417 69.435270 1.194659
6.131261 -1.215316 -1.324678 70.626160 1.191326
6.235244 -1.243226 -1.339456 71.816000 1.190259
6.339121 -1.268567 -1.355743 73.002190 1.186572
6.443120 -1.292838 -1.371470 74.187490 1.185653
6.547122 -1.310252 -1.390125 75.365540 1.178326
6.651123 -1.320138 -1.407515 76.540790 1.175420
6.755121 -1.330920 -1.427085 77.716300 1.175722
6.859122 -1.337950 -1.448797 78.894600 1.178521
6.963119 -1.340942 -1.468534 80.068430 1.174000
7.067120 -1.342290 -1.485826 81.234540 1.166239
7.171120 -1.335651 -1.506096 82.399130 1.164785
7.275124 -1.323865 -1.530312 83.558010 1.159193
7.379122 -1.309268 -1.555472 84.717450 1.159805
7.483122 -1.292993 -1.580587 85.876960 1.159896
7.587125 -1.273121 -1.605074 87.031140 1.154611
7.691125 -1.247131 -1.630673 88.183830 1.153267
7.795143 -1.216671 -1.656163 89.333360 1.150216
7.899123 -1.182745 -1.683163 90.483440 1.150897
8.003122 -1.144128 -1.710419 91.636550 1.154078
8.107122 -1.101750 -1.736086 92.791290 1.155802
8.211127 -1.056015 -1.760650 93.947130 1.157005
8.315124 -1.006119 -1.785071 95.102620 1.156825
8.419122 -0.953966 -1.809543 96.255380 1.154199
8.523125 -0.897540 -1.834871 97.413170 1.159441
8.627137 -0.841003 -1.861916 98.572220 1.160743
8.731123 -0.782045 -1.891643 99.739680 1.169326
8.835121 -0.723357 -1.922457 100.914100 1.176289
8.939122 -0.665532 -1.953029 102.094700 1.182411
9.043123 -0.607718 -1.983093 103.278800 1.185892
9.147125 -0.550571 -2.012875 104.470000 1.192942
9.251125 -0.497748 -2.041118 105.667900 1.199397
9.355001 -0.448327 -2.069739 106.867200 1.200659
9.459001 -0.405377 -2.098282 108.071900 1.205803
9.562998 -0.365108 -2.127000 109.278600 1.207713
9.666891 -0.329075 -2.156853 110.491600 1.213902
9.770876 -0.298528 -2.185665 111.707300 1.216425
9.874750 -0.272672 -2.213402 112.923700 1.216991
9.978770 -0.253779 -2.240145 114.142500 1.219240
10.082750 -0.241552 -2.267804 115.362800 1.220675
10.186620 -0.234072 -2.296830 116.586000 1.223567
10.290630 -0.232571 -2.327575 117.811600 1.225986
10.394630 -0.237293 -2.358001 119.039900 1.228686
10.498620 -0.246444 -2.388148 120.271400 1.231903
10.602630 -0.256232 -2.417424 121.501300 1.230287
10.706750 -0.269679 -2.444635 122.742400 1.241471
10.810750 -0.283572 -2.471500 123.982900 1.240869
10.914750 -0.297015 -2.498919 125.224100 1.241576
11.018750 -0.316815 -2.521615 126.470200 1.246464
11.122750 -0.336076 -2.543289 127.720200 1.250336
11.226750 -0.353204 -2.561295 128.969900 1.249947
11.330770 -0.370442 -2.578125 130.220100 1.250432
11.434620 -0.384545 -2.596170 131.475600 1.255709
11.538630 -0.397623 -2.614808 132.733500 1.258106
11.642630 -0.413373 -2.631357 133.995900 1.262607
11.746630 -0.429912 -2.646140 135.259300 1.263595
11.850630 -0.443887 -2.660056 136.522600 1.263454
11.954620 -0.457056 -2.675992 137.789500 1.267069
12.058500 -0.472057 -2.693213 139.056800 1.267506
12.162500 -0.490815 -2.711316 140.330600 1.274067
12.266520 -0.509951 -2.728134 141.606000 1.275654
12.370380 -0.531657 -2.744134 142.880200 1.274485
12.474370 -0.550146 -2.759529 144.153000 1.273027
12.578370 -0.568107 -2.775354 145.424100 1.271325
12.682250 -0.586224 -2.794830 146.694000 1.270179
12.786250 -0.601569 -2.818864 147.961100 1.267421
12.890250 -0.618401 -2.844547 149.227000 1.266272
12.994130 -0.634443 -2.875057 150.492400 1.265869
13.098130 -0.649286 -2.908757 151.756200 1.264336
13.202130 -0.666905 -2.939717 153.024800 1.269100
13.306000 -0.684175 -2.969914 154.288300 1.263979
13.410000 -0.703475 -2.997619 155.553300 1.265451
13.514010 -0.721231 -3.024885 156.816900 1.264019
13.617880 -0.740134 -3.051707 158.077800 1.261327
13.721880 -0.758140 -3.079341 159.342200 1.264830
13.825750 -0.778517 -3.107330 160.603700 1.261975
13.929750 -0.798967 -3.135262 161.864100 1.260875
14.033750 -0.821014 -3.162340 163.126200 1.262583
14.137750 -0.844849 -3.191224 164.390300 1.264655
14.241630 -0.867607 -3.221845 165.651900 1.262177
14.345630 -0.891591 -3.252329 166.914300 1.262996
14.449650 -0.915926 -3.282708 168.176500 1.262800
14.553630 -0.941804 -3.313952 169.441400 1.265550
14.657500 -0.968255 -3.344600 170.704700 1.263949
14.761510 -0.995770 -3.373848 171.970700 1.266637
14.865380 -1.024319 -3.402447 173.234300 1.264246
14.969380 -1.053647 -3.431925 174.498300 1.264684
15.073250 -1.083166 -3.461238 175.759000 1.261386
15.177250 -1.111965 -3.491932 177.026400 1.268099
15.281260 -1.140940 -3.523533 178.289100 1.263428
15.385130 -1.167498 -3.555449 179.549200 1.260784
15.489130 -1.193384 -3.587083 180.810700 1.262162
15.593130 -1.220912 -3.617217 182.072200 1.262160
15.697000 -1.249819 -3.644685 183.336700 1.265129
15.801010 -1.280267 -3.669131 184.593400 1.257306
15.905010 -1.311919 -3.694209 185.843100 1.250352
16.009010 -1.342768 -3.722358 187.092300 1.249898
16.112880 -1.371475 -3.752664 188.338800 1.247199
16.216880 -1.400872 -3.781861 189.585600 1.247488
16.320880 -1.429913 -3.811043 190.830800 1.245880
16.424880 -1.456920 -3.839753 192.069700 1.239527
16.528880 -1.482347 -3.868861 193.303500 1.234405
16.632880 -1.504387 -3.897568 194.534400 1.231432
16.736760 -1.525428 -3.929306 195.761000 1.227191
16.840760 -1.543340 -3.962116 196.981600 1.221172
16.944760 -1.561315 -3.994523 198.198700 1.217664
17.048760 -1.577337 -4.025379 199.411500 1.213298
17.152760 -1.593225 -4.055718 200.619200 1.208185
17.256760 -1.607052 -4.084508 201.820700 1.201924
17.360750 -1.619569 -4.112611 203.015500 1.195196
17.464760 -1.629855 -4.142166 204.203300 1.188212
17.568750 -1.639698 -4.168995 205.382100 1.179146
17.672760 -1.649074 -4.196218 206.552500 1.170754
17.776760 -1.655974 -4.223531 207.709400 1.157243
17.880630 -1.663162 -4.250230 208.852200 1.143134
17.984650 -1.670517 -4.277047 209.981800 1.129942
18.088630 -1.680916 -4.301812 211.093700 1.112224
18.192630 -1.692609 -4.326860 212.190700 1.097348
18.296630 -1.705386 -4.351615 213.274900 1.084558
18.400630 -1.717659 -4.376802 214.345300 1.070767
18.504630 -1.730641 -4.402081 215.404600 1.059681
18.608520 -1.744177 -4.426871 216.448200 1.043982
18.712510 -1.758097 -4.450451 217.485400 1.037561
18.816510 -1.775959 -4.472509 218.507700 1.022694
18.920510 -1.796549 -4.494237 219.511400 1.004146
19.024630 -1.820190 -4.513126 220.495000 0.984065
19.128630 -1.844527 -4.532452 221.461200 0.966700
19.232630 -1.871601 -4.553298 222.402600 0.942020
19.336510 -1.900504 -4.574348 223.322800 0.920894
19.440510 -1.931080 -4.594192 224.219200 0.897141
19.544640 -1.963226 -4.613875 225.093200 0.874812
19.648650 -1.999321 -4.634336 225.946200 0.854008
19.752630 -2.036110 -4.655490 226.775800 0.830685
19.856630 -2.076063 -4.674144 227.588500 0.813895
19.960780 -2.113952 -4.692285 228.382000 0.794611
20.064890 -2.149429 -4.710568 229.159000 0.778024
20.168880 -2.182836 -4.728951 229.916600 0.758559
20.273010 -2.215172 -4.746558 230.657700 0.742014
20.377010 -2.247910 -4.762455 231.388200 0.731406
20.481150 -2.278813 -4.778921 232.115600 0.728242
20.585260 -2.309140 -4.795655 232.838300 0.723530
20.689270 -2.338553 -4.813178 233.560000 0.722512
20.793380 -2.364800 -4.830531 234.277600 0.718289
20.897510 -2.389577 -4.847959 234.991500 0.714542
21.001510 -2.414706 -4.864866 235.702100 0.711245
21.105630 -2.437161 -4.881579 236.408500 0.706954
21.209640 -2.458270 -4.896919 237.111600 0.703584
21.313760 -2.475218 -4.912132 237.811400 0.700170
21.417760 -2.489243 -4.929647 238.507600 0.696561
21.521880 -2.501543 -4.947554 239.199900 0.692641
21.626010 -2.511949 -4.965562 239.887800 0.688214
21.730010 -2.520293 -4.981740 240.575300 0.687741
21.834140 -2.528203 -4.998210 241.263900 0.688842
21.938260 -2.534352 -5.015660 241.957300 0.693647
22.042260 -2.538348 -5.032044 242.653500 0.696404
22.146400 -2.543393 -5.048170 243.355900 0.702603
22.250510 -2.545596 -5.064282 244.059000 0.703288
22.354510 -2.546852 -5.080295 244.763400 0.704583
22.458660 -2.546619 -5.094783 245.471500 0.708248
22.562760 -2.545576 -5.109038 246.186300 0.714943
22.666760 -2.543734 -5.126143 246.908100 0.722005
22.770760 -2.542056 -5.145191 247.635900 0.728051
22.874760 -2.541896 -5.164585 248.369500 0.733856
22.978890 -2.542204 -5.185382 249.111400 0.742191
23.082900 -2.540944 -5.205979 249.857300 0.746185
23.186890 -2.535403 -5.227370 250.610000 0.753024
23.290890 -2.529259 -5.246305 251.370800 0.761060
23.395010 -2.529475 -5.263872 252.145000 0.774399
23.499010 -2.534412 -5.282956 252.928900 0.784148
23.603010 -2.531730 -5.300222 253.716000 0.787294
23.707160 -2.522827 -5.316153 254.510700 0.794910
23.811130 -2.516895 -5.328791 255.305600 0.795023
23.915260 -2.508908 -5.345294 256.111900 0.806508
24.019270 -2.495854 -5.364407 256.929600 0.818028
24.123280 -2.476437 -5.385775 257.757800 0.828703
24.227390 -2.451908 -5.406872 258.592800 0.835627
24.331390 -2.426274 -5.425049 259.429500 0.837290
24.435530 -2.401831 -5.445288 260.268500 0.839600
24.539510 -2.377452 -5.467449 261.102800 0.834950
24.643640 -2.347909 -5.488513 261.939800 0.837786
24.747640 -2.315586 -5.509575 262.778700 0.839787
24.851760 -2.282743 -5.533299 263.621200 0.843474
24.955760 -2.249292 -5.557575 264.463100 0.842914
25.059780 -2.211671 -5.580169 265.302600 0.840646
25.163760 -2.169031 -5.601556 266.145600 0.844349
25.267760 -2.120601 -5.622751 266.988600 0.844656
25.371770 -2.070929 -5.642388 267.834500 0.847585
25.475770 -2.020152 -5.662313 268.682100 0.849353
25.579770 -1.972336 -5.683949 269.529300 0.848824
25.683760 -1.923826 -5.705921 270.381600 0.853962
25.787650 -1.875688 -5.726987 271.234100 0.854118
25.891640 -1.829452 -5.750154 272.089100 0.856563
25.995520 -1.783337 -5.773108 272.943200 0.855652
26.099520 -1.741198 -5.793806 273.795400 0.853492
26.203510 -1.700845 -5.814912 274.651100 0.856911
26.307390 -1.660663 -5.835884 275.503500 0.853604
26.411390 -1.622669 -5.858238 276.354400 0.852041
26.515270 -1.585579 -5.879709 277.203700 0.850381
26.619260 -1.550632 -5.901149 278.051600 0.848891
26.723140 -1.517863 -5.921904 278.896700 0.845990
26.827140 -1.489305 -5.941918 279.735400 0.839425
26.931140 -1.466242 -5.960750 280.568700 0.833832
27.035140 -1.447757 -5.978025 281.389700 0.821390
27.139140 -1.431895 -5.994410 282.203100 0.813720
27.243260 -1.419054 -6.010847 283.003600 0.800772
27.347260 -1.412086 -6.026687 283.787900 0.784491
27.451390 -1.411252 -6.040170 284.555300 0.767519
27.555390 -1.414317 -6.053988 285.305200 0.750034
27.659410 -1.417779 -6.069167 286.035900 0.730866
27.763390 -1.423417 -6.085125 286.744000 0.708302
27.867410 -1.435822 -6.101380 287.433100 0.689403
27.971390 -1.454441 -6.117454 288.100500 0.667853
28.075410 -1.477649 -6.132605 288.751100 0.651190
28.179260 -1.506373 -6.149396 289.389000 0.638767
28.283270 -1.545617 -6.167037 290.017300 0.629772
28.387040 -1.597157 -6.182453 290.628100 0.613164
28.490900 -1.665044 -6.196964 291.230000 0.605890
28.594790 -1.742378 -6.210196 291.806200 0.581517
28.698520 -1.834488 -6.224247 292.379000 0.580329
28.802270 -1.942994 -6.237015 292.937400 0.568988
28.906040 -2.067997 -6.247853 293.467900 0.545136
29.009770 -2.209538 -6.257666 293.998100 0.548855
29.113510 -2.367902 -6.271075 294.512100 0.538010
29.217280 -2.543375 -6.285270 294.987900 0.507324
29.321000 -2.739392 -6.297631 295.466700 0.517518
29.424640 -2.949047 -6.307941 295.901800 0.483087
29.528390 -3.178542 -6.314604 296.349200 0.502871
29.632160 -3.425572 -6.320980 296.782800 0.499073
29.735770 -3.687333 -6.328231 297.164100 0.462559
29.839540 -3.968958 -6.332760 297.563400 0.488645
29.943280 -4.268559 -6.336992 297.943900 0.484313
30.047140 -4.586321 -6.339444 298.261700 0.449417
30.150890 -4.922654 -6.345184 298.599700 0.476861
30.254640 -5.270323 -6.347814 298.869400 0.440021
30.358390 -5.635576 -6.343982 299.167200 0.471285
30.462040 -6.014393 -6.339964 299.433700 0.463185
30.565790 -6.404391 -6.332310 299.609200 0.427735
30.669520 -6.808874 -6.331276 299.805000 0.449383
30.773400 -7.216405 -6.326098 299.975100 0.441636
30.877140 -7.620091 -6.315633 300.061900 0.413045
30.980890 -8.027228 -6.304576 300.181100 0.424372
31.084770 -8.436151 -6.292308 300.220000 0.410952
31.188640 -8.849753 -6.282888 300.287300 0.419148
31.292410 -9.270289 -6.271213 300.329100 0.422770
31.396270 -9.696194 -6.256955 300.284000 0.428523
31.500160 -10.136050 -6.242546 300.271200 0.440278
31.603900 -10.581290 -6.224323 300.229300 0.447578
31.707810 -11.031110 -6.199526 300.097000 0.469528
31.811650 -11.487940 -6.178297 299.994100 0.468757
31.915520 -11.943180 -6.150180 299.798200 0.496398
32.019400 -12.402890 -6.123531 299.632800 0.489286
32.123290 -12.859800 -6.094784 299.433800 0.499193
32.227300 -13.310900 -6.063773 299.142900 0.537658
32.331290 -13.763400 -6.028358 298.874200 0.527456
32.435430 -14.212510 -5.989762 298.521900 0.572106
32.539520 -14.663110 -5.950116 298.181100 0.566354
32.643770 -15.116160 -5.913525 297.801600 0.592126
32.748020 -15.569170 -5.871992 297.360100 0.633928
32.852150 -16.024260 -5.830931 296.917900 0.635872
32.956400 -16.470640 -5.783464 296.401300 0.684386
33.060520 -16.903920 -5.737737 295.876600 0.682006
33.164770 -17.322410 -5.692386 295.284300 0.726643
33.269020 -17.729180 -5.645499 294.684400 0.726320
33.373140 -18.123430 -5.596317 294.046700 0.751341
33.477420 -18.505340 -5.550791 293.349600 0.796163
33.581640 -18.872030 -5.509383 292.636200 0.803191
33.685770 -19.213810 -5.472940 291.862500 0.846613
33.790020 -19.538520 -5.435497 291.079400 0.848578
33.894150 -19.845480 -5.397191 290.240800 0.893835
33.998280 -20.129220 -5.364689 289.390500 0.896981
34.102520 -20.381840 -5.330467 288.504700 0.921754
34.206650 -20.612510 -5.296130 287.567700 0.965586
34.310770 -20.811550 -5.265003 286.620800 0.968094
34.414890 -20.977380 -5.231887 285.632200 1.002959
34.519020 -21.116590 -5.198232 284.629700 1.012679
34.623270 -21.226910 -5.169612 283.593100 1.042847
34.727400 -21.307020 -5.143301 282.520500 1.075909
34.831660 -21.358710 -5.118237 281.431200 1.090814
34.935780 -21.383580 -5.092068 280.311200 1.120582
35.040020 -21.377240 -5.068634 279.173300 1.138159
35.144150 -21.345560 -5.044246 278.007500 1.166485
35.248400 -21.289760 -5.021530 276.829500 1.179540
35.352650 -21.209240 -5.001358 275.638800 1.193590
35.456920 -21.111930 -4.983245 274.431300 1.211550
35.561270 -21.001900 -4.965436 273.207500 1.228865
35.665520 -20.886170 -4.946924 271.963000 1.250007
35.769770 -20.776850 -4.927465 270.705000 1.262891
35.874180 -20.665910 -4.906062 269.427900 1.282088
35.978280 -20.555220 -4.883412 268.136000 1.296831
36.082520 -20.447590 -4.861751 266.830600 1.310009
36.186650 -20.345860 -4.838516 265.509700 1.325015
36.290910 -20.249670 -4.817703 264.179400 1.333935
36.395030 -20.156280 -4.799526 262.848100 1.334695
36.499150 -20.070850 -4.780284 261.517300 1.333678
36.603150 -19.993270 -4.760491 260.190200 1.329513
36.707280 -19.921300 -4.738614 258.849900 1.342409
36.811280 -19.855300 -4.717988 257.511300 1.340385
36.915280 -19.796750 -4.696286 256.170200 1.342553
37.019270 -19.745910 -4.673674 254.823900 1.347449
37.123280 -19.703440 -4.648388 253.474600 1.350205
37.227300 -19.668170 -4.618642 252.123200 1.352187
37.331150 -19.639340 -4.586765 250.773100 1.350784
37.435150 -19.613680 -4.556415 249.416200 1.357482
37.539030 -19.590290 -4.529158 248.064400 1.352277
37.642900 -19.569280 -4.501374 246.706000 1.358847
37.746770 -19.551340 -4.473848 245.338200 1.368195
37.850530 -19.538000 -4.445003 243.969800 1.368769
37.954400 -19.526660 -4.411335 242.595700 1.374559
38.058150 -19.513830 -4.378260 241.222400 1.373758
38.162020 -19.503180 -4.346093 239.838500 1.384315
38.265780 -19.493250 -4.316996 238.457700 1.381142
38.369530 -19.480990 -4.286446 237.073200 1.384891
38.473280 -19.466680 -4.255713 235.683900 1.389714
38.577050 -19.450140 -4.223798 234.291100 1.393264
38.680780 -19.430400 -4.186692 232.892800 1.398932
38.784650 -19.406600 -4.152924 231.492200 1.401209
38.888400 -19.381290 -4.121142 230.091400 1.401389
38.992150 -19.355550 -4.091351 228.687700 1.404252
39.095900 -19.332380 -4.061083 227.283200 1.405017
39.199650 -19.309360 -4.031202 225.870900 1.412804
39.303400 -19.288210 -4.003413 224.454100 1.417230
39.407270 -19.265260 -3.975161 223.033900 1.420666
39.511030 -19.240980 -3.945563 221.610600 1.423815
39.614780 -19.214900 -3.915755 220.186300 1.424851
39.718530 -19.190660 -3.884537 218.756500 1.430346
39.822150 -19.164740 -3.851913 217.328200 1.428908
39.925900 -19.140510 -3.816692 215.891500 1.437336
40.029660 -19.114920 -3.783819 214.452300 1.439803
40.133400 -19.083950 -3.744539 213.010900 1.442268
40.237040 -19.053200 -3.706671 211.570300 1.441426
40.340780 -19.022080 -3.670204 210.123500 1.447594
40.444530 -18.990380 -3.634175 208.672200 1.452093
40.548280 -18.960210 -3.596747 207.218600 1.454395
40.652040 -18.927860 -3.559153 205.758200 1.461242
40.755780 -18.896140 -3.524788 204.294800 1.464147
40.859530 -18.864760 -3.487637 202.831800 1.463808
40.963300 -18.837120 -3.453039 201.368400 1.464070
41.067040 -18.809040 -3.419171 199.909100 1.459963
41.170800 -18.780810 -3.384783 198.440400 1.469374
41.274530 -18.751930 -3.350644 196.976200 1.464883
41.378300 -18.723570 -3.313855 195.515300 1.461638
41.482150 -18.697180 -3.276436 194.055600 1.460418
41.585910 -18.671230 -3.241513 192.600100 1.456150
41.689670 -18.648030 -3.205048 191.144100 1.456641
41.793530 -18.628490 -3.170622 189.691500 1.453139
41.897280 -18.610370 -3.138275 188.242900 1.449074
42.001030 -18.594110 -3.107703 186.794500 1.448814
42.104780 -18.576860 -3.075839 185.352500 1.442455
42.208530 -18.560470 -3.044236 183.908500 1.444439
42.312280 -18.546000 -3.011131 182.468700 1.440253
42.416050 -18.533400 -2.977267 181.031600 1.437554
42.519900 -18.523150 -2.942176 179.601000 1.431067
42.623660 -18.515240 -2.908289 178.175300 1.426125
42.727400 -18.510720 -2.873542 176.750700 1.425031
42.831160 -18.510250 -2.838653 175.337300 1.413831
42.934910 -18.513260 -2.803213 173.929600 1.408149
43.038660 -18.518290 -2.769552 172.537500 1.392516
43.142410 -18.526710 -2.736025 171.156200 1.381732
43.246160 -18.537100 -2.701364 169.791900 1.364780
43.349910 -18.551690 -2.666950 168.447100 1.345319
43.453690 -18.568100 -2.633527 167.126500 1.321125
43.557400 -18.587040 -2.599237 165.821800 1.305288
43.661030 -18.605030 -2.565877 164.539000 1.283360
43.764790 -18.625420 -2.533595 163.279200 1.260378
43.868530 -18.644440 -2.502804 162.047100 1.232631
43.972290 -18.662110 -2.473852 160.837100 1.210475
44.075920 -18.682070 -2.447586 159.653200 1.184360
44.179660 -18.700430 -2.422217 158.492900 1.160723
44.283280 -18.717150 -2.396857 157.359800 1.133507
44.387040 -18.733440 -2.370798 156.250300 1.109926
44.490780 -18.748920 -2.347373 155.168900 1.081764
44.594530 -18.762310 -2.322647 154.117300 1.051976
44.698280 -18.777900 -2.297427 153.088100 1.029627
44.802160 -18.792390 -2.274461 152.087300 1.001168
44.905910 -18.804370 -2.252345 151.111100 0.976524
45.009780 -18.816420 -2.230220 150.162100 0.949334
45.113530 -18.827380 -2.209938 149.239700 0.922688
45.217410 -18.837660 -2.187753 148.339300 0.900732
45.321160 -18.847540 -2.164801 147.461200 0.878455
45.425030 -18.854760 -2.144196 146.598900 0.862576
45.528910 -18.862790 -2.123511 145.753800 0.845391
45.632780 -18.873760 -2.100874 144.922300 0.831880
45.736660 -18.882390 -2.078341 144.103700 0.818956
45.840530 -18.886270 -2.059412 143.302400 0.801533
45.944410 -18.891950 -2.042113 142.519800 0.782812
46.048410 -18.901260 -2.022990 141.752200 0.767895
46.152410 -18.908720 -2.005121 140.992900 0.759547
46.256280 -18.913480 -1.989403 140.242200 0.750880
46.360280 -18.919450 -1.974562 139.499400 0.742972
46.464300 -18.926770 -1.960534 138.765400 0.734171
46.568280 -18.935110 -1.944374 138.044000 0.721629
46.672300 -18.944380 -1.928158 137.329800 0.714444
46.776300 -18.954640 -1.914991 136.621400 0.708597
46.880280 -18.964310 -1.905325 135.917000 0.704533
46.984290 -18.973720 -1.895274 135.216100 0.701035
47.088280 -18.979110 -1.881347 134.516900 0.699359
47.192290 -18.983110 -1.867920 133.819700 0.697341
47.296290 -18.990970 -1.854861 133.123800 0.696067
47.400280 -19.003890 -1.839020 132.428600 0.695500
47.504410 -19.008200 -1.829069 131.740200 0.688485
47.608410 -19.007380 -1.823556 131.059900 0.680323
47.712410 -19.011690 -1.813487 130.377400 0.682588
47.816410 -19.026560 -1.799997 129.692600 0.685094
47.920410 -19.029760 -1.790406 128.995200 0.697473
48.024410 -19.029680 -1.783236 128.286700 0.708536
48.128430 -19.032910 -1.773597 127.563900 0.722871
48.232410 -19.036890 -1.762349 126.831700 0.732297
48.336410 -19.040930 -1.751742 126.090400 0.741387
48.440410 -19.043100 -1.739549 125.338600 0.751902
48.544410 -19.040600 -1.721883 124.575400 0.763409
48.648410 -19.033980 -1.704964 123.792800 0.782811
48.752410 -19.026090 -1.689113 122.991100 0.801896
48.856410 -19.017370 -1.671608 122.172400 0.818934
48.960410 -19.007880 -1.651373 121.337200 0.835499
49.064530 -18.995510 -1.630463 120.488900 0.848648
49.168540 -18.981100 -1.606831 119.622300 0.867042
49.272540 -18.962360 -1.583863 118.740400 0.882398
49.376540 -18.940890 -1.562360 117.841000 0.899913
49.480540 -18.912490 -1.539442 116.920900 0.920823
49.584540 -18.881640 -1.518580 115.984300 0.937340
49.688540 -18.845660 -1.495740 115.027600 0.957649
49.792540 -18.807380 -1.472691 114.057300 0.971328
49.896540 -18.762610 -1.449607 113.072100 0.986487
50.000540 -18.710960 -1.425819 112.070500 1.003213
50.104550 -18.654670 -1.402779 111.050100 1.022211
50.208540 -18.592730 -1.382089 110.010400 1.041749
50.312540 -18.526650 -1.362588 108.954700 1.057946
50.416540 -18.458450 -1.343346 107.884700 1.072344
50.520540 -18.389740 -1.326090 106.796500 1.090504
50.624670 -18.323770 -1.307555 105.692900 1.105725
50.728660 -18.256760 -1.288139 104.562200 1.132850
50.832660 -18.187250 -1.269054 103.411100 1.153355
50.936790 -18.117370 -1.244731 102.246400 1.167048
51.040790 -18.045040 -1.219976 101.074000 1.174890
51.144790 -17.972000 -1.195663 99.881710 1.194773
51.248790 -17.897560 -1.172886 98.671750 1.212462
51.352790 -17.825030 -1.151222 97.447800 1.226289
51.456790 -17.753740 -1.126795 96.208550 1.241539
51.560790 -17.684210 -1.102525 94.952750 1.257958
51.664790 -17.612700 -1.077492 93.677490 1.277509
51.768790 -17.543660 -1.049972 92.393230 1.286409
51.872790 -17.477100 -1.022258 91.090280 1.304943
51.976790 -17.409990 -0.999006 89.774770 1.317426
52.080790 -17.350650 -0.975340 88.454130 1.322184
52.184660 -17.293340 -0.958478 87.109740 1.345717
52.288680 -17.239750 -0.944055 85.737510 1.373352
52.392670 -17.188340 -0.921829 84.351710 1.386931
52.496670 -17.138470 -0.892592 82.956430 1.396477
52.600670 -17.090870 -0.862118 81.553220 1.404348
52.704540 -17.048280 -0.833061 80.126460 1.427691
52.808540 -17.009120 -0.805378 78.683820 1.443437
52.912410 -16.973620 -0.777130 77.227780 1.456747
53.016420 -16.938900 -0.747860 75.757520 1.470961
53.120310 -16.905380 -0.718759 74.284350 1.473839
53.224160 -16.873640 -0.688618 72.808710 1.476289
53.328040 -16.844870 -0.658898 71.334520 1.474770
53.431910 -16.821120 -0.626696 69.861870 1.473193
53.535790 -16.798510 -0.593621 68.394010 1.468407
53.639670 -16.779170 -0.561778 66.924620 1.469862
53.743420 -16.760190 -0.530047 65.456930 1.468156
53.847310 -16.741270 -0.498323 63.987230 1.470164
53.951170 -16.723740 -0.466239 62.522540 1.465146
54.054920 -16.707380 -0.434222 61.059280 1.463702
54.158790 -16.692610 -0.402897 59.588500 1.471188
54.262540 -16.677280 -0.369666 58.118530 1.470425
54.366290 -16.660670 -0.331875 56.651000 1.468110
54.470160 -16.642890 -0.292801 55.188550 1.463080
54.573910 -16.622860 -0.255350 53.735190 1.453980
54.677690 -16.600880 -0.223878 52.277040 1.458655
54.781540 -16.577770 -0.195088 50.820740 1.456768
54.885290 -16.554460 -0.166754 49.366830 1.454373
54.989170 -16.531540 -0.136119 47.911380 1.455953
55.092920 -16.505900 -0.101866 46.461110 1.450901
55.196790 -16.478250 -0.066830 45.013820 1.447978
55.300540 -16.451710 -0.033908 43.575730 1.438712
55.404410 -16.425350 -0.004286 42.136960 1.439316
55.508190 -16.401830 0.022673 40.697890 1.439515
55.611910 -16.380030 0.051399 39.261770 1.436573
55.715790 -16.356790 0.080606 37.824830 1.437425
55.819540 -16.332450 0.111825 36.396840 1.428539
55.923300 -16.307580 0.141409 34.970030 1.427333
56.027170 -16.284740 0.170682 33.544410 1.426103
56.130920 -16.264000 0.199871 32.124710 1.420151
56.234670 -16.246080 0.227999 30.707830 1.417272
56.338420 -16.229870 0.257281 29.284740 1.423484
56.442290 -16.212760 0.286007 27.867600 1.417534
56.546040 -16.194880 0.315660 26.457370 1.410655
56.649810 -16.174820 0.345532 25.050170 1.407660
56.753550 -16.153630 0.374359 23.646100 1.404526
56.857290 -16.134070 0.404138 22.248390 1.398164
56.961060 -16.116230 0.432365 20.856590 1.392201
57.064790 -16.100440 0.461558 19.472550 1.384438
57.168540 -16.086580 0.492678 18.088430 1.384539
57.272300 -16.072580 0.523660 16.708420 1.380429
57.376170 -16.057300 0.553933 15.332990 1.375848
57.479920 -16.040390 0.582246 13.962300 1.371087
57.583670 -16.019560 0.605206 12.595010 1.367641
57.687420 -15.999870 0.627781 11.221520 1.373817
57.791170 -15.981840 0.653636 9.852998 1.368885
57.894920 -15.967530 0.682198 8.487382 1.365990
57.998680 -15.957640 0.712668 7.122797 1.364961
58.102420 -15.949560 0.744327 5.763789 1.359401
58.206190 -15.938770 0.778721 4.400318 1.363947
58.310040 -15.925900 0.812600 3.038918 1.361882
58.413800 -15.909180 0.844665 1.676097 1.363301
58.517550 -15.889630 0.875418 0.308944 1.367639
58.621420 -15.871210 0.904504 -1.063172 1.372548
58.725190 -15.853970 0.933255 -2.436523 1.373760
58.829070 -15.838430 0.960124 -3.813595 1.377422
58.932820 -15.823200 0.987097 -5.192326 1.379079
59.036550 -15.808250 1.014088 -6.576470 1.384488
59.140420 -15.791230 1.041956 -7.966034 1.389948
59.244170 -15.773900 1.070725 -9.357139 1.391510
59.348040 -15.755860 1.100590 -10.755220 1.398516
59.451800 -15.738520 1.129671 -12.149930 1.395121
59.555580 -15.722330 1.159922 -13.547460 1.397951
59.659420 -15.705770 1.188722 -14.951030 1.403963
59.763180 -15.690900 1.214563 -16.359140 1.408426
59.866920 -15.675190 1.238904 -17.764350 1.405509
59.970800 -15.659470 1.258378 -19.173510 1.409382
60.074550 -15.643530 1.279114 -20.584150 1.410882
60.178320 -15.629860 1.298206 -22.003930 1.419974
60.282170 -15.617820 1.320134 -23.424390 1.420680
60.385920 -15.606010 1.342475 -24.845040 1.420875
60.489670 -15.590270 1.362532 -26.267830 1.423018
60.593420 -15.573310 1.381668 -27.687980 1.420380
60.697180 -15.554010 1.401278 -29.115360 1.427645
60.801050 -15.536760 1.423844 -30.547830 1.432752
60.904800 -15.521400 1.450596 -31.973090 1.425594
61.008550 -15.507720 1.474487 -33.396130 1.423306
61.112300 -15.493260 1.496909 -34.819990 1.424110
61.216170 -15.476620 1.519635 -36.244480 1.424768
61.319920 -15.460880 1.542757 -37.665580 1.421375
61.423670 -15.444100 1.566849 -39.082170 1.416894
61.527550 -15.426680 1.593713 -40.499010 1.417202
61.631300 -15.409270 1.621146 -41.913880 1.415243
61.735050 -15.392450 1.647343 -43.322590 1.409054
61.838800 -15.375230 1.670185 -44.724650 1.402352
61.942550 -15.356990 1.689780 -46.130410 1.406015
62.046420 -15.337830 1.710257 -47.537950 1.407819
62.150170 -15.317100 1.733637 -48.943980 1.406377
62.253920 -15.297150 1.757778 -50.346600 1.402970
62.357670 -15.276960 1.783280 -51.748500 1.402277
62.461550 -15.256760 1.808697 -53.152720 1.404595
62.565300 -15.237490 1.833987 -54.547940 1.395582
62.669050 -15.217710 1.859642 -55.949500 1.401934
62.772920 -15.199450 1.883021 -57.352120 1.402934
62.876680 -15.184100 1.905888 -58.751410 1.399561
62.980550 -15.170080 1.927806 -60.150690 1.399522
63.084300 -15.156970 1.949198 -61.549360 1.398895
63.188170 -15.142260 1.969588 -62.951490 1.402355
63.291930 -15.128010 1.989950 -64.350760 1.399491
63.395800 -15.113380 2.010300 -65.750740 1.400204
63.499550 -15.101210 2.031551 -67.146530 1.396005
63.603430 -15.091410 2.052437 -68.538780 1.392441
63.707170 -15.083030 2.071234 -69.934620 1.395992
63.811050 -15.074530 2.087360 -71.323260 1.388760
63.914800 -15.064380 2.102811 -72.708390 1.385253
64.018680 -15.053830 2.117081 -74.095270 1.386994
64.122420 -15.043160 2.130723 -75.476240 1.381079
64.226180 -15.030840 2.146554 -76.856420 1.380326
64.330050 -15.016780 2.163460 -78.226460 1.370216
64.433800 -14.998330 2.179823 -79.593250 1.367012
64.537570 -14.979300 2.191194 -80.953600 1.360531
64.641430 -14.959570 2.200916 -82.317280 1.363857
64.745300 -14.941280 2.214391 -83.680530 1.363439
64.849050 -14.924670 2.232509 -85.034950 1.354643
64.952920 -14.908170 2.250863 -86.384010 1.349286
65.056690 -14.891870 2.268643 -87.726730 1.342937
65.160550 -14.873980 2.282365 -89.070400 1.343859
65.264300 -14.856570 2.296993 -90.408010 1.337803
65.368050 -14.839190 2.311152 -91.741120 1.333298
65.471930 -14.824260 2.326927 -93.076720 1.335777
65.575680 -14.810760 2.341502 -94.400390 1.323819
65.679420 -14.797980 2.357904 -95.724360 1.324133
65.783180 -14.787030 2.374193 -97.045510 1.321296
65.886930 -14.776030 2.389834 -98.363410 1.318039
65.990800 -14.767030 2.407843 -99.676600 1.313344
66.094550 -14.758540 2.426874 -100.983800 1.307366
66.198300 -14.751760 2.444391 -102.290300 1.306635
66.302080 -14.744100 2.462669 -103.592600 1.302451
66.405950 -14.739600 2.480363 -104.892000 1.299528
66.509680 -14.734250 2.498308 -106.185800 1.293936
66.613430 -14.730660 2.514949 -107.472800 1.287113
66.717300 -14.728240 2.530663 -108.762900 1.290198
66.821050 -14.727290 2.547386 -110.045900 1.283109
66.924810 -14.725550 2.563690 -111.329100 1.283305
67.028680 -14.724790 2.582153 -112.605400 1.276434
67.132440 -14.721530 2.600374 -113.877100 1.271835
67.236300 -14.719600 2.617244 -115.147700 1.270713
67.340050 -14.717800 2.634202 -116.411100 1.263515
67.443820 -14.715820 2.650909 -117.669100 1.258112
67.547680 -14.712840 2.667793 -118.923800 1.254817
67.651550 -14.709830 2.685657 -120.173400 1.249731
67.755300 -14.705660 2.703911 -121.414100 1.240841
67.859060 -14.702940 2.719941 -122.644900 1.230907
67.962930 -14.700540 2.735913 -123.867100 1.222307
68.066810 -14.698810 2.751503 -125.081500 1.214501
68.170550 -14.698300 2.767801 -126.287100 1.205710
68.274430 -14.698520 2.784821 -127.485200 1.198221
68.378180 -14.701180 2.801395 -128.670400 1.185319
68.482050 -14.706140 2.817529 -129.845300 1.175021
68.585930 -14.712330 2.833172 -131.008900 1.163722
68.689680 -14.718960 2.848691 -132.162100 1.153323
68.793560 -14.724880 2.863999 -133.299600 1.137618
68.897430 -14.733340 2.880267 -134.417400 1.117950
69.001180 -14.743140 2.895211 -135.514000 1.096746
69.105050 -14.746190 2.913166 -136.594200 1.080354
69.208930 -14.752330 2.928943 -137.654200 1.060135
69.312800 -14.758470 2.946711 -138.686900 1.032871
69.416810 -14.764660 2.964758 -139.695700 1.008980
69.520680 -14.773570 2.979529 -140.676300 0.980752
69.624560 -14.784870 2.993256 -141.631100 0.954966
69.728440 -14.797430 3.006784 -142.556200 0.925284
69.832320 -14.808450 3.020005 -143.452200 0.896165
69.936320 -14.818020 3.032842 -144.321100 0.869048
70.040060 -14.823300 3.044707 -145.155000 0.834001
70.143930 -14.818770 3.055661 -145.963300 0.808387
70.247560 -14.797570 3.065594 -146.744500 0.781551
70.351180 -14.754560 3.071965 -147.499200 0.755951
70.454810 -14.688160 3.079106 -148.224500 0.728368
70.558570 -14.599290 3.086043 -148.926000 0.707141
70.662180 -14.492020 3.088830 -149.594700 0.677255
70.765810 -14.364200 3.087775 -150.225000 0.643131
70.869430 -14.213120 3.089330 -150.833500 0.626977
70.973060 -14.036480 3.090778 -151.416200 0.608887
71.076680 -13.833420 3.086577 -151.950400 0.571507
71.180310 -13.608540 3.076710 -152.476900 0.572600
71.283930 -13.360410 3.060860 -152.950200 0.534633
71.387680 -13.082430 3.046760 -153.424000 0.549507
71.491310 -12.777230 3.032264 -153.874300 0.544176
71.595080 -12.446530 3.015235 -154.267200 0.513832
71.698810 -12.093300 2.992923 -154.666400 0.533507
71.802430 -11.716550 2.969218 -155.032800 0.526072
71.906200 -11.318150 2.947184 -155.331000 0.498128
72.009810 -10.901070 2.926439 -155.630100 0.513660
72.113680 -10.465890 2.901563 -155.856400 0.491134
72.217450 -10.020430 2.872763 -156.082600 0.500430
72.321310 -9.567123 2.844586 -156.277800 0.494352
72.425180 -9.106293 2.815747 -156.405900 0.479172
72.529060 -8.642035 2.787238 -156.538900 0.483774
72.632930 -8.174402 2.755500 -156.635100 0.478479
72.736950 -7.699412 2.722687 -156.663100 0.476945
72.840820 -7.221458 2.690343 -156.690300 0.479819
72.944810 -6.734167 2.665011 -156.651000 0.489529
73.048810 -6.243160 2.641270 -156.617100 0.492748
73.152830 -5.751237 2.615199 -156.544400 0.497949
73.256690 -5.261917 2.593307 -156.393600 0.512498
73.360680 -4.779011 2.569364 -156.243900 0.506144
73.464560 -4.305429 2.552946 -156.024400 0.522235
73.568560 -3.838336 2.542408 -155.807800 0.514978
73.672580 -3.375344 2.534833 -155.554100 0.527999
73.776440 -2.922418 2.530704 -155.220900 0.562300
73.880450 -2.480572 2.522617 -154.890600 0.551717
73.984440 -2.057963 2.510377 -154.483900 0.586646
74.088440 -1.653879 2.499815 -154.079500 0.571782
74.192560 -1.268487 2.493093 -153.640100 0.584504
74.296560 -0.898358 2.487045 -153.140900 0.621476
74.400680 -0.551078 2.478814 -152.632500 0.615745
74.504810 -0.226137 2.467171 -152.060600 0.657869
74.608810 0.062307 2.456904 -151.483600 0.645162
74.712820 0.323482 2.446327 -150.879700 0.658042
74.816930 0.552355 2.433161 -150.216600 0.701611
74.921080 0.748482 2.422189 -149.549700 0.695228
75.025200 0.912912 2.410623 -148.838000 0.730540
75.129560 1.048250 2.402930 -148.112500 0.738055
75.233810 1.163229 2.393425 -147.348300 0.772860
75.338190 1.265054 2.383452 -146.566800 0.788169
75.442560 1.348496 2.371923 -145.760400 0.810788
75.546930 1.407670 2.359471 -144.926700 0.835890
75.651310 1.444780 2.346915 -144.073800 0.853799
75.755680 1.463451 2.332663 -143.197700 0.876415
75.860220 1.469675 2.319985 -142.303200 0.894611
75.964710 1.468738 2.305914 -141.386700 0.916608
76.069190 1.471319 2.290968 -140.450900 0.935923
76.173710 1.479967 2.274698 -139.492300 0.958777
76.278060 1.489345 2.260154 -138.515400 0.977053
76.382460 1.499366 2.246738 -137.518100 0.997441
76.486810 1.504842 2.234017 -136.504500 1.013695
76.591060 1.505414 2.220167 -135.473500 1.031093
76.695310 1.504501 2.205688 -134.421900 1.051700
76.799440 1.503329 2.190202 -133.351800 1.070213
76.903560 1.501627 2.176140 -132.264800 1.087092
77.007690 1.498560 2.159629 -131.160300 1.104628
77.111810 1.491650 2.144473 -130.039000 1.121424
77.215940 1.482380 2.128143 -128.899600 1.139555
77.320060 1.470024 2.111152 -127.744100 1.155691
77.424060 1.458443 2.092643 -126.576400 1.167904
77.528190 1.447721 2.073753 -125.388300 1.188299
77.632190 1.436723 2.053638 -124.185000 1.203518
77.736190 1.426398 2.032685 -122.965400 1.219824
77.840190 1.418040 2.009877 -121.734400 1.231240
77.944210 1.413177 1.984400 -120.491700 1.242971
78.048060 1.410381 1.956743 -119.231500 1.260507
78.152070 1.407398 1.927293 -117.950900 1.280942
78.255940 1.405768 1.897027 -116.657200 1.294055
78.359820 1.402662 1.864276 -115.348300 1.309313
78.463690 1.396732 1.832056 -114.029100 1.319607
78.567580 1.385028 1.800206 -112.695000 1.334531
78.671320 1.369687 1.767521 -111.340500 1.354981
78.775190 1.351798 1.734254 -109.972600 1.368421
78.879060 1.330549 1.700357 -108.592800 1.380380
78.982940 1.308290 1.668467 -107.200300 1.393043
79.086810 1.284827 1.635925 -105.791100 1.409771
79.190690 1.259616 1.601652 -104.367900 1.423836
79.294440 1.230259 1.565326 -102.932100 1.436559
79.398310 1.202212 1.530047 -101.478700 1.454099
79.502200 1.170075 1.495851 -100.007600 1.471848
79.606060 1.142136 1.463280 -98.529110 1.479113
79.709940 1.115543 1.436157 -97.026010 1.503580
79.813820 1.089274 1.410680 -95.515710 1.510743
79.917560 1.062982 1.390693 -94.002290 1.513780
80.021460 1.036568 1.374673 -92.491430 1.511176
80.125190 1.009148 1.361424 -90.982260 1.509477
80.228940 0.984734 1.348472 -89.476090 1.506424
80.332810 0.961647 1.333401 -87.973230 1.503113
80.436670 0.939998 1.316473 -86.466900 1.506581
80.540440 0.919141 1.298308 -84.967240 1.499915
80.644320 0.899547 1.282847 -83.454360 1.513086
80.748100 0.883448 1.268237 -81.949500 1.505017
80.851960 0.867953 1.252710 -80.445540 1.504120
80.955700 0.852047 1.234831 -78.942400 1.503330
81.059440 0.838174 1.219714 -77.439600 1.502940
81.163210 0.825573 1.207956 -75.934440 1.505259
81.266940 0.813423 1.199179 -74.432000 1.502515
81.370700 0.800315 1.189369 -72.936360 1.495730
81.474570 0.784979 1.176896 -71.443360 1.493131
81.578330 0.763954 1.160600 -69.956000 1.487598
81.682070 0.745043 1.144297 -68.462600 1.493609
81.785940 0.725241 1.128317 -66.971320 1.491497
81.889700 0.710763 1.111896 -65.489110 1.482372
81.993440 0.694630 1.096104 -64.005150 1.484132
82.097310 0.677741 1.080622 -62.525510 1.479817
82.201070 0.658775 1.067484 -61.045360 1.480330
82.304840 0.637038 1.049226 -59.575570 1.470064
82.408570 0.613503 1.030981 -58.103460 1.472411
82.512440 0.585664 1.015669 -56.627620 1.476182
82.616210 0.557118 1.005763 -55.160600 1.467331
82.719960 0.525398 0.995703 -53.698020 1.462959
82.823820 0.490709 0.984688 -52.236680 1.461793
82.927570 0.456132 0.970952 -50.778540 1.458615
83.031440 0.423541 0.955865 -49.322870 1.456113
83.135190 0.392853 0.939187 -47.869400 1.453890
83.238940 0.362164 0.923009 -46.417970 1.451845
83.342820 0.333567 0.906968 -44.968420 1.449921
83.446570 0.307032 0.891114 -43.525590 1.443161
83.550440 0.280628 0.875470 -42.079120 1.446796
83.654320 0.254373 0.859437 -40.636560 1.442888
83.758190 0.228118 0.843610 -39.197170 1.439716
83.862070 0.202969 0.825329 -37.762520 1.434987
83.965950 0.177799 0.806336 -36.327960 1.434906
84.069850 0.153725 0.786514 -34.895080 1.433219
84.173690 0.132669 0.768286 -33.463810 1.431541
84.277690 0.113374 0.752231 -32.036040 1.427991
84.381590 0.097461 0.735284 -30.613960 1.422270
84.485440 0.084829 0.716896 -29.193990 1.420145
84.589320 0.072241 0.698098 -27.777530 1.416641
84.693200 0.060626 0.678599 -26.355960 1.421751
84.797070 0.052569 0.658693 -24.947680 1.408444
84.900940 0.043902 0.632931 -23.543420 1.404523
85.004820 0.037209 0.602174 -22.139890 1.403883
85.108710 0.032329 0.565375 -20.738440 1.401942
85.212450 0.029259 0.529558 -19.340630 1.398272
85.316330 0.026697 0.494739 -17.943660 1.397406
85.420190 0.025161 0.462474 -16.550260 1.393774
85.523960 0.024160 0.431254 -15.166140 1.384472
85.627820 0.023545 0.398755 -13.782590 1.383932
85.731590 0.021588 0.367007 -12.403820 1.379137
85.835320 0.015281 0.334385 -11.027370 1.376851
85.939070 0.008956 0.301604 -9.654739 1.373037
86.042820 -0.000537 0.271620 -8.285137 1.369963
86.146690 -0.009785 0.241450 -6.914129 1.371371
86.250460 -0.020445 0.210832 -5.548032 1.366482
86.354210 -0.031141 0.181287 -4.183286 1.365108
86.458070 -0.044372 0.147333 -2.818515 1.365257
86.561820 -0.057897 0.113470 -1.456295 1.362708
86.665690 -0.072897 0.078169 -0.090700 1.366133
86.769450 -0.088643 0.045904 1.269419 1.360593
86.873200 -0.103171 0.011772 2.629005 1.360092
86.976950 -0.117565 -0.020163 3.988036 1.359482
87.080700 -0.131883 -0.053463 5.344099 1.356547
87.184570 -0.145883 -0.088121 6.704415 1.360829
87.288320 -0.160177 -0.122172 8.059835 1.355923
87.392070 -0.175095 -0.154637 9.415895 1.356531
87.495830 -0.192609 -0.187042 10.771070 1.355676
87.599690 -0.208154 -0.220746 12.123170 1.352609
87.703450 -0.223104 -0.253449 13.477330 1.354637
87.807320 -0.235533 -0.289202 14.830320 1.353519
87.911070 -0.248220 -0.323711 16.180930 1.351110
88.014950 -0.258853 -0.358279 17.533560 1.353113
88.118700 -0.270914 -0.393605 18.883050 1.350006
88.222590 -0.283357 -0.428489 20.233300 1.350758
88.326320 -0.295209 -0.463001 21.580160 1.347354
88.430200 -0.309468 -0.496613 22.926530 1.346865
88.534070 -0.323376 -0.531503 24.273080 1.347074
88.637820 -0.338072 -0.565242 25.613530 1.340955
88.741580 -0.353458 -0.599164 26.954890 1.341877
88.845450 -0.367457 -0.630802 28.293060 1.338617
88.949200 -0.383673 -0.661141 29.623840 1.331225
89.052950 -0.397680 -0.692571 30.950900 1.327506
89.156800 -0.413998 -0.724036 32.282480 1.332052
89.260590 -0.427007 -0.756656 33.606510 1.324496
89.364320 -0.439757 -0.788716 34.926910 1.320851
89.468090 -0.451537 -0.820635 36.243360 1.316890
89.571830 -0.461529 -0.851704 37.554970 1.312016
89.675570 -0.471855 -0.882457 38.866520 1.311951
89.779340 -0.483912 -0.911531 40.173770 1.307629
89.883200 -0.497489 -0.940360 41.480160 1.306779
89.986950 -0.512504 -0.968570 42.778450 1.298683
90.090700 -0.534623 -0.995653 44.076020 1.298041
90.194450 -0.555204 -1.019285 45.373170 1.297528
90.298330 -0.578258 -1.038533 46.670100 1.297278
90.402080 -0.599992 -1.053627 47.961110 1.291281
90.505950 -0.623098 -1.066505 49.249440 1.288602
90.609700 -0.645636 -1.075808 50.527650 1.278443
90.713570 -0.674006 -1.087279 51.810410 1.283125
90.817320 -0.702063 -1.100738 53.087220 1.277189
90.921070 -0.731140 -1.115793 54.360900 1.274101
91.024840 -0.762477 -1.130431 55.629480 1.269051
91.128700 -0.794281 -1.144783 56.901570 1.272568
91.232450 -0.826899 -1.159941 58.170850 1.269790
91.336220 -0.859787 -1.174664 59.434080 1.263744
91.439950 -0.895091 -1.188757 60.694630 1.261123
91.543700 -0.928288 -1.203865 61.949310 1.255210
91.647600 -0.962179 -1.218811 63.207400 1.258635
91.751210 -0.996173 -1.234090 64.458430 1.251585
91.855080 -1.031828 -1.250518 65.710170 1.252355
91.958830 -1.068654 -1.267809 66.953700 1.244195
92.062580 -1.107414 -1.284607 68.191430 1.238451
92.166320 -1.148265 -1.303043 69.433080 1.242459
92.270070 -1.188155 -1.321203 70.668750 1.236447
92.373830 -1.227083 -1.338073 71.900280 1.232261
92.477580 -1.261385 -1.354666 73.127190 1.227502
92.581320 -1.293464 -1.370635 74.341090 1.214429
92.685070 -1.318225 -1.387753 75.543590 1.202877
92.788830 -1.337076 -1.406295 76.722760 1.179466
92.892580 -1.359396 -1.424263 77.886940 1.164533
92.996320 -1.377966 -1.443308 79.037380 1.150747
93.100200 -1.392300 -1.459771 80.159900 1.122732
93.203950 -1.402951 -1.475612 81.267680 1.107944
93.307830 -1.407266 -1.495464 82.366820 1.099328
93.411580 -1.406566 -1.518542 83.461900 1.095323
93.515450 -1.402636 -1.542197 84.557510 1.095872
93.619200 -1.397294 -1.566145 85.655240 1.098004
93.723080 -1.394094 -1.587213 86.751130 1.096097
93.826830 -1.391329 -1.608126 87.836530 1.085605
93.930700 -1.385563 -1.630039 88.919170 1.082877
94.034580 -1.380200 -1.654701 89.998110 1.079235
94.138450 -1.372397 -1.681009 91.075680 1.077919
94.242330 -1.363832 -1.705257 92.149620 1.074248
94.346200 -1.356111 -1.726171 93.218640 1.069252
94.450090 -1.348852 -1.747689 94.282140 1.063742
94.553950 -1.343107 -1.769082 95.344680 1.062771
94.657710 -1.341283 -1.790649 96.398510 1.054052
94.761580 -1.346362 -1.812458 97.452060 1.053788
94.865460 -1.357998 -1.835038 98.508010 1.056255
94.969330 -1.375059 -1.861895 99.570070 1.062537
95.073200 -1.397412 -1.887691 100.636400 1.066876
95.176950 -1.426691 -1.913252 101.710300 1.074603
95.280830 -1.463118 -1.939200 102.787400 1.078028
95.384700 -1.507808 -1.964419 103.868200 1.082017
95.488580 -1.561792 -1.988222 104.956600 1.089998
95.592470 -1.622720 -2.010967 106.050200 1.095532
95.696330 -1.686244 -2.034406 107.147500 1.099387
95.800330 -1.748773 -2.056669 108.251400 1.105894
95.904330 -1.806035 -2.079756 109.361600 1.111915
96.008460 -1.855701 -2.102084 110.482100 1.121822
96.112450 -1.897032 -2.123092 111.608400 1.127254
96.216600 -1.928092 -2.145152 112.743600 1.135839
96.320580 -1.949092 -2.166434 113.881100 1.137893
96.424720 -1.958712 -2.187910 115.026300 1.145442
96.528700 -1.956136 -2.210288 116.178800 1.152720
96.632830 -1.940135 -2.235787 117.341400 1.162990
96.736830 -1.913209 -2.261146 118.507600 1.166786
96.840830 -1.876270 -2.286958 119.683900 1.177163
96.944850 -1.833080 -2.312120 120.865900 1.183056
97.048710 -1.781388 -2.338144 122.056000 1.191506
97.152720 -1.725066 -2.362701 123.258100 1.203669
97.256580 -1.665951 -2.387598 124.465900 1.209502
97.360580 -1.602097 -2.410925 125.683600 1.219596
97.464460 -1.529042 -2.432251 126.909600 1.228360
97.568330 -1.454190 -2.455779 128.142800 1.235694
97.672210 -1.374919 -2.480551 129.386400 1.246370
97.776080 -1.292610 -2.504395 130.641100 1.257623
97.879840 -1.212752 -2.530425 131.910500 1.272176
97.983580 -1.135332 -2.552624 133.188800 1.280835
98.087470 -1.063477 -2.571936 134.480900 1.294241
98.191080 -0.998254 -2.593743 135.780800 1.301718
98.294840 -0.941991 -2.613858 137.088700 1.309264
98.398700 -0.895798 -2.633690 138.414000 1.326253
98.502470 -0.860070 -2.654048 139.749100 1.335733
98.606200 -0.832678 -2.674907 141.091200 1.342542
98.709960 -0.816625 -2.693332 142.451300 1.360320
98.813830 -0.808213 -2.711653 143.817500 1.366349
98.917580 -0.806307 -2.728963 145.190900 1.373510
99.021330 -0.810774 -2.750987 146.574200 1.383483
99.125080 -0.818199 -2.779541 147.962100 1.388214
99.228960 -0.831134 -2.811042 149.366300 1.404613
99.332710 -0.846513 -2.846681 150.779100 1.413333
99.436580 -0.863698 -2.884423 152.201700 1.423204
99.540330 -0.881861 -2.922677 153.629700 1.428628
99.644080 -0.903141 -2.959476 155.065500 1.436429
99.747960 -0.925229 -2.995496 156.508200 1.443319
99.851710 -0.950588 -3.030265 157.949000 1.441443
99.955460 -0.976517 -3.064935 159.391700 1.443349
100.059200 -1.007339 -3.096653 160.831700 1.440679
100.163000 -1.039444 -3.129506 162.271400 1.440433
100.266800 -1.075629 -3.162047 163.708800 1.438224
100.370600 -1.112662 -3.196968 165.144700 1.436802
100.474400 -1.150964 -3.232057 166.580700 1.436939
100.578200 -1.188887 -3.267867 168.014200 1.434449
100.682000 -1.225583 -3.303343 169.454500 1.441204
100.785700 -1.262468 -3.337774 170.887600 1.433988
100.889600 -1.297634 -3.371687 172.319400 1.432633
100.993300 -1.333194 -3.405560 173.746700 1.428145
101.097200 -1.366304 -3.440420 175.168800 1.422912
101.201000 -1.398479 -3.475354 176.592900 1.424892
101.304700 -1.427528 -3.511715 178.011200 1.419063
101.408500 -1.453391 -3.547073 179.425100 1.414578
101.512300 -1.476326 -3.583634 180.838600 1.414159
101.616100 -1.498241 -3.619675 182.250200 1.412230
101.719800 -1.518870 -3.652469 183.660800 1.411132
101.823600 -1.539735 -3.680137 185.061600 1.401229
101.927300 -1.559212 -3.708117 186.455600 1.394417
102.031100 -1.576113 -3.742055 187.848400 1.393316
102.134800 -1.590302 -3.777663 189.241800 1.393927
102.238700 -1.603074 -3.811744 190.634400 1.393076
102.342500 -1.613327 -3.843743 192.020600 1.386607
102.446200 -1.623756 -3.875123 193.400800 1.380596
102.550000 -1.633867 -3.905876 194.776400 1.375981
102.653700 -1.645539 -3.938930 196.150900 1.374947
102.757600 -1.657445 -3.973595 197.522900 1.372489
102.861300 -1.669867 -4.009132 198.889600 1.367218
102.965100 -1.682304 -4.042827 200.254700 1.365572
103.068800 -1.694878 -4.074851 201.611000 1.356736
103.172600 -1.705984 -4.106859 202.969800 1.359222
103.276500 -1.717412 -4.139885 204.322600 1.353251
103.380200 -1.727574 -4.171862 205.668900 1.346718
103.484000 -1.737778 -4.204811 207.012200 1.343743
103.587700 -1.746442 -4.238781 208.350600 1.338859
103.691600 -1.757196 -4.270954 209.690800 1.340629
103.795400 -1.768399 -4.303818 211.025100 1.334752
103.899100 -1.780005 -4.335485 212.350500 1.325829
104.002700 -1.792488 -4.366042 213.666800 1.316714
104.106500 -1.802728 -4.397364 214.966700 1.300318
104.210200 -1.814957 -4.428604 216.247800 1.281539
104.314000 -1.826714 -4.458316 217.507200 1.259805
104.417800 -1.842513 -4.486884 218.742600 1.235831
104.521600 -1.859734 -4.515014 219.950800 1.208650
104.625300 -1.877890 -4.540479 221.128700 1.178315
104.729200 -1.895168 -4.569335 222.285200 1.156989
104.833000 -1.917244 -4.598297 223.410800 1.126189
104.936700 -1.941670 -4.625178 224.505100 1.094903
105.040500 -1.971966 -4.651833 225.567200 1.062866
105.144300 -2.004581 -4.679495 226.603500 1.037182
105.248100 -2.040151 -4.706339 227.603500 1.000992
105.352000 -2.073778 -4.731016 228.574200 0.971596
105.455800 -2.106014 -4.755443 229.512500 0.939171
105.559600 -2.139617 -4.778138 230.414600 0.903011
105.663500 -2.174190 -4.799162 231.286800 0.873138
105.767300 -2.207888 -4.818374 232.126300 0.840396
105.871200 -2.243669 -4.838575 232.933300 0.808045
105.975200 -2.280068 -4.860372 233.718900 0.786745
106.079100 -2.314971 -4.881633 234.492100 0.774279
106.183100 -2.346879 -4.903083 235.265400 0.774255
106.287100 -2.372559 -4.923693 236.037200 0.772502
106.391100 -2.391165 -4.943065 236.807500 0.770768
106.495100 -2.406340 -4.961684 237.576200 0.769075
106.599100 -2.421540 -4.979606 238.338400 0.762562
106.703100 -2.438172 -4.997815 239.102100 0.764098
106.807100 -2.449188 -5.016120 239.859300 0.757501
106.911100 -2.457471 -5.032857 240.613800 0.754731
107.015100 -2.464848 -5.049016 241.365200 0.751610
107.119000 -2.471118 -5.064022 242.113000 0.747977
107.223000 -2.477940 -5.076752 242.858500 0.745640
107.327000 -2.481229 -5.090455 243.601200 0.742834
107.431000 -2.485941 -5.103671 244.338300 0.737234
107.535000 -2.487604 -5.118722 245.075200 0.737056
107.639000 -2.493249 -5.131839 245.816400 0.741338
107.742800 -2.494730 -5.147361 246.562300 0.746063
107.846800 -2.497272 -5.164438 247.315700 0.753598
107.950800 -2.498606 -5.182585 248.072300 0.756819
108.054800 -2.503085 -5.199298 248.832900 0.760797
108.158800 -2.506486 -5.218219 249.599100 0.766441
108.262900 -2.508505 -5.237784 250.366500 0.767652
108.366800 -2.505563 -5.256841 251.139500 0.773240
108.470800 -2.503453 -5.273084 251.921600 0.782271
108.574800 -2.508541 -5.289235 252.711600 0.790181
108.678800 -2.507121 -5.306929 253.508800 0.797398
108.782900 -2.498934 -5.321532 254.303700 0.795076
108.887000 -2.491981 -5.336196 255.099000 0.795466
108.991000 -2.485561 -5.351123 255.900000 0.801165
109.095000 -2.475778 -5.370200 256.706800 0.807085
109.199000 -2.461593 -5.392720 257.525900 0.819532
109.303000 -2.442073 -5.414196 258.348100 0.822712
109.407000 -2.418788 -5.432422 259.175900 0.828328
109.511000 -2.398099 -5.451575 260.007200 0.831778
109.615000 -2.379400 -5.472421 260.843600 0.836869
109.719000 -2.357178 -5.492976 261.687800 0.844743
109.823000 -2.331649 -5.513461 262.540800 0.853628
109.927000 -2.305211 -5.536213 263.407800 0.867701
110.031000 -2.278446 -5.560785 264.282700 0.875654
110.135000 -2.248880 -5.585020 265.167000 0.885126
110.239000 -2.217026 -5.608340 266.059300 0.893173
110.343000 -2.181048 -5.632766 266.960400 0.902149
110.447000 -2.144562 -5.657825 267.869300 0.909977
110.551000 -2.107091 -5.684566 268.787200 0.919054
110.655000 -2.072995 -5.710527 269.711700 0.925493
110.759000 -2.039857 -5.735484 270.643500 0.932723
110.862800 -2.008137 -5.759967 271.578000 0.935359
110.966800 -1.977183 -5.786935 272.515600 0.938498
111.070800 -1.948577 -5.813039 273.451100 0.936301
111.174800 -1.923694 -5.837506 274.386800 0.936351
111.278800 -1.903306 -5.862752 275.322000 0.935763
111.382700 -1.886301 -5.888992 276.255600 0.934123
111.486700 -1.871958 -5.914599 277.189400 0.934261
111.590700 -1.860171 -5.940087 278.121700 0.932723
111.694700 -1.850165 -5.965237 279.054900 0.933592
111.798600 -1.841130 -5.989292 279.982200 0.927656
111.902600 -1.834878 -6.011766 280.906700 0.924794
112.006600 -1.829538 -6.033194 281.828400 0.921965
112.110600 -1.824423 -6.054240 282.747200 0.919055
112.214600 -1.820378 -6.076007 283.662600 0.915668
112.318600 -1.819188 -6.097253 284.573800 0.911448
112.422600 -1.820078 -6.118356 285.472900 0.899348
112.526600 -1.821293 -6.140076 286.355900 0.883268
112.630600 -1.824665 -6.162957 287.216500 0.860911
112.734600 -1.831132 -6.186044 288.060200 0.844041
112.838600 -1.835812 -6.208970 288.890500 0.830630
112.942600 -1.838573 -6.232745 289.716900 0.826747
113.046600 -1.841599 -6.257807 290.541600 0.825086
113.150600 -1.843827 -6.281585 291.365700 0.824446
113.254600 -1.844053 -6.305431 292.185700 0.820347
113.358600 -1.843243 -6.332348 293.000400 0.815145
113.462600 -1.840209 -6.360716 293.812200 0.812301
113.566600 -1.836186 -6.387429 294.619900 0.808152
113.670600 -1.829836 -6.414405 295.428400 0.808975
113.774600 -1.823832 -6.440313 296.231700 0.803740
113.878500 -1.817940 -6.464190 297.030900 0.799578
113.982500 -1.814744 -6.486179 297.828300 0.797710
114.086300 -1.812035 -6.506511 298.624300 0.796264
114.190300 -1.809517 -6.524789 299.422600 0.798513
114.294300 -1.807621 -6.541554 300.223200 0.800778
