0.000000e+00
1.044989e-01
2.077935e-01
3.116343e-01
4.154940e-01
5.196440e-01
6.234014e-01
7.273457e-01
8.311796e-01
9.350305e-01
1.038877e+00
1.142774e+00
1.246636e+00
1.350553e+00
1.454410e+00
1.558293e+00
1.662157e+00
1.766057e+00
1.870090e+00
1.973923e+00
2.077874e+00
2.181756e+00
2.285652e+00
2.389627e+00
2.493488e+00
2.597363e+00
2.701441e+00
2.806098e+00
2.909338e+00
3.013136e+00
3.117132e+00
3.221000e+00
3.324990e+00
3.428991e+00
3.533061e+00
3.636879e+00
3.740870e+00
3.844868e+00
3.948871e+00
4.052745e+00
4.156747e+00
4.260741e+00
4.364619e+00
4.468620e+00
4.572617e+00
4.676494e+00
4.780371e+00
4.884244e+00
4.988118e+00
5.091994e+00
5.195994e+00
5.299899e+00
5.403745e+00
5.507756e+00
5.611618e+00
5.715493e+00
5.819513e+00
5.923372e+00
6.027387e+00
6.131261e+00
6.235244e+00
6.339121e+00
6.443120e+00
6.547122e+00
6.651123e+00
6.755121e+00
6.859122e+00
6.963119e+00
7.067120e+00
7.171120e+00
7.275124e+00
7.379122e+00
7.483122e+00
7.587125e+00
7.691125e+00
7.795143e+00
7.899123e+00
8.003122e+00
8.107122e+00
8.211127e+00
8.315124e+00
8.419122e+00
8.523125e+00
8.627137e+00
8.731123e+00
8.835121e+00
8.939122e+00
9.043123e+00
9.147125e+00
9.251125e+00
9.355001e+00
9.459001e+00
9.562998e+00
9.666891e+00
9.770876e+00
9.874750e+00
9.978770e+00
1.008275e+01
1.018662e+01
1.029063e+01
1.039463e+01
1.049862e+01
1.060263e+01
1.070675e+01
1.081075e+01
1.091475e+01
1.101875e+01
1.112275e+01
1.122675e+01
1.133077e+01
1.143462e+01
1.153863e+01
1.164263e+01
1.174663e+01
1.185063e+01
1.195462e+01
1.205850e+01
1.216250e+01
1.226652e+01
1.237038e+01
1.247437e+01
1.257837e+01
1.268225e+01
1.278625e+01
1.289025e+01
1.299413e+01
1.309813e+01
1.320213e+01
1.330600e+01
1.341000e+01
1.351401e+01
1.361788e+01
1.372188e+01
1.382575e+01
1.392975e+01
1.403375e+01
1.413775e+01
1.424163e+01
1.434563e+01
1.444965e+01
1.455363e+01
1.465750e+01
1.476151e+01
1.486538e+01
1.496938e+01
1.507325e+01
1.517725e+01
1.528126e+01
1.538513e+01
1.548913e+01
1.559313e+01
1.569700e+01
1.580101e+01
1.590501e+01
1.600901e+01
1.611288e+01
1.621688e+01
1.632088e+01
1.642488e+01
1.652888e+01
1.663288e+01
1.673676e+01
1.684076e+01
1.694476e+01
1.704876e+01
1.715276e+01
1.725676e+01
1.736075e+01
1.746476e+01
1.756875e+01
1.767276e+01
1.777676e+01
1.788063e+01
1.798465e+01
1.808863e+01
1.819263e+01
1.829663e+01
1.840063e+01
1.850463e+01
1.860852e+01
1.871251e+01
1.881651e+01
1.892051e+01
1.902463e+01
1.912863e+01
1.923263e+01
1.933651e+01
1.944051e+01
1.954464e+01
1.964865e+01
1.975263e+01
1.985663e+01
1.996078e+01
2.006489e+01
2.016888e+01
2.027301e+01
2.037701e+01
2.048115e+01
2.058526e+01
2.068927e+01
2.079338e+01
2.089751e+01
2.100151e+01
2.110563e+01
2.120964e+01
2.131376e+01
2.141776e+01
2.152188e+01
2.162601e+01
2.173001e+01
2.183414e+01
2.193826e+01
2.204226e+01
2.214640e+01
2.225051e+01
2.235451e+01
2.245866e+01
2.256276e+01
2.266676e+01
2.277076e+01
2.287476e+01
2.297889e+01
2.308290e+01
2.318689e+01
2.329089e+01
2.339501e+01
2.349901e+01
2.360301e+01
2.370716e+01
2.381113e+01
2.391526e+01
2.401927e+01
2.412328e+01
2.422739e+01
2.433139e+01
2.443553e+01
2.453951e+01
2.464364e+01
2.474764e+01
2.485176e+01
2.495576e+01
2.505978e+01
2.516376e+01
2.526776e+01
2.537177e+01
2.547577e+01
2.557977e+01
2.568376e+01
2.578765e+01
2.589164e+01
2.599552e+01
2.609952e+01
2.620351e+01
2.630739e+01
2.641139e+01
2.651527e+01
2.661926e+01
2.672314e+01
2.682714e+01
2.693114e+01
2.703514e+01
2.713914e+01
2.724326e+01
2.734726e+01
2.745139e+01
2.755539e+01
2.765941e+01
2.776339e+01
2.786741e+01
2.797139e+01
2.807541e+01
2.817926e+01
2.828327e+01
2.838704e+01
2.849090e+01
2.859479e+01
2.869852e+01
2.880227e+01
2.890604e+01
2.900977e+01
2.911351e+01
2.921728e+01
2.932100e+01
2.942464e+01
2.952839e+01
2.963216e+01
2.973577e+01
2.983954e+01
2.994328e+01
3.004714e+01
3.015089e+01
3.025464e+01
3.035839e+01
3.046204e+01
3.056579e+01
3.066952e+01
3.077340e+01
3.087714e+01
3.098089e+01
3.108477e+01
3.118864e+01
3.129241e+01
3.139627e+01
3.150016e+01
3.160390e+01
3.170781e+01
3.181165e+01
3.191552e+01
3.201940e+01
3.212329e+01
3.222730e+01
3.233129e+01
3.243543e+01
3.253952e+01
3.264377e+01
3.274802e+01
3.285215e+01
3.295640e+01
3.306052e+01
3.316477e+01
3.326902e+01
3.337314e+01
3.347742e+01
3.358164e+01
3.368577e+01
3.379002e+01
3.389415e+01
3.399828e+01
3.410252e+01
3.420665e+01
3.431077e+01
3.441489e+01
3.451902e+01
3.462327e+01
3.472740e+01
3.483166e+01
3.493578e+01
3.504002e+01
3.514415e+01
3.524840e+01
3.535265e+01
3.545692e+01
3.556127e+01
3.566552e+01
3.576977e+01
3.587418e+01
3.597828e+01
3.608252e+01
3.618665e+01
3.629091e+01
3.639503e+01
3.649915e+01
3.660315e+01
3.670728e+01
3.681128e+01
3.691528e+01
3.701927e+01
3.712328e+01
3.722730e+01
3.733115e+01
3.743515e+01
3.753903e+01
3.764290e+01
3.774677e+01
3.785053e+01
3.795440e+01
3.805815e+01
3.816202e+01
3.826578e+01
3.836953e+01
3.847328e+01
3.857705e+01
3.868078e+01
3.878465e+01
3.888840e+01
3.899215e+01
3.909590e+01
3.919965e+01
3.930340e+01
3.940727e+01
3.951103e+01
3.961478e+01
3.971853e+01
3.982215e+01
3.992590e+01
4.002966e+01
4.013340e+01
4.023704e+01
4.034078e+01
4.044453e+01
4.054828e+01
4.065204e+01
4.075578e+01
4.085953e+01
4.096330e+01
4.106704e+01
4.117080e+01
4.127453e+01
4.137830e+01
4.148215e+01
4.158591e+01
4.168967e+01
4.179353e+01
4.189728e+01
4.200103e+01
4.210478e+01
4.220853e+01
4.231228e+01
4.241605e+01
4.251990e+01
4.262366e+01
4.272740e+01
4.283116e+01
4.293491e+01
4.303866e+01
4.314241e+01
4.324616e+01
4.334991e+01
4.345369e+01
4.355740e+01
4.366103e+01
4.376479e+01
4.386853e+01
4.397229e+01
4.407592e+01
4.417966e+01
4.428328e+01
4.438704e+01
4.449078e+01
4.459453e+01
4.469828e+01
4.480216e+01
4.490591e+01
4.500978e+01
4.511353e+01
4.521741e+01
4.532116e+01
4.542503e+01
4.552891e+01
4.563278e+01
4.573666e+01
4.584053e+01
4.594441e+01
4.604841e+01
4.615241e+01
4.625628e+01
4.636028e+01
4.646430e+01
4.656828e+01
4.667230e+01
4.677630e+01
4.688028e+01
4.698429e+01
4.708828e+01
4.719229e+01
4.729629e+01
4.740028e+01
4.750441e+01
4.760841e+01
4.771241e+01
4.781641e+01
4.792041e+01
4.802441e+01
4.812843e+01
4.823241e+01
4.833641e+01
4.844041e+01
4.854441e+01
4.864841e+01
4.875241e+01
4.885641e+01
4.896041e+01
4.906453e+01
4.916854e+01
4.927254e+01
4.937654e+01
4.948054e+01
4.958454e+01
4.968854e+01
4.979254e+01
4.989654e+01
5.000054e+01
5.010455e+01
5.020854e+01
5.031254e+01
5.041654e+01
5.052054e+01
5.062467e+01
5.072866e+01
5.083266e+01
5.093679e+01
5.104079e+01
5.114479e+01
5.124879e+01
5.135279e+01
5.145679e+01
5.156079e+01
5.166479e+01
5.176879e+01
5.187279e+01
5.197679e+01
5.208079e+01
5.218466e+01
5.228868e+01
5.239267e+01
5.249667e+01
5.260067e+01
5.270454e+01
5.280854e+01
5.291241e+01
5.301642e+01
5.312031e+01
5.322416e+01
5.332804e+01
5.343191e+01
5.353579e+01
5.363967e+01
5.374342e+01
5.384731e+01
5.395117e+01
5.405492e+01
5.415879e+01
5.426254e+01
5.436629e+01
5.447016e+01
5.457391e+01
5.467769e+01
5.478154e+01
5.488529e+01
5.498917e+01
5.509292e+01
5.519679e+01
5.530054e+01
5.540441e+01
5.550819e+01
5.561191e+01
5.571579e+01
5.581954e+01
5.592330e+01
5.602717e+01
5.613092e+01
5.623467e+01
5.633842e+01
5.644229e+01
5.654604e+01
5.664981e+01
5.675355e+01
5.685729e+01
5.696106e+01
5.706479e+01
5.716854e+01
5.727230e+01
5.737617e+01
5.747992e+01
5.758367e+01
5.768742e+01
5.779117e+01
5.789492e+01
5.799868e+01
5.810242e+01
5.820619e+01
5.831004e+01
5.841380e+01
5.851755e+01
5.862142e+01
5.872519e+01
5.882907e+01
5.893282e+01
5.903655e+01
5.914042e+01
5.924417e+01
5.934804e+01
5.945180e+01
5.955558e+01
5.965942e+01
5.976318e+01
5.986692e+01
5.997080e+01
6.007455e+01
6.017832e+01
6.028217e+01
6.038592e+01
6.048967e+01
6.059342e+01
6.069718e+01
6.080105e+01
6.090480e+01
6.100855e+01
6.111230e+01
6.121617e+01
6.131992e+01
6.142367e+01
6.152755e+01
6.163130e+01
6.173505e+01
6.183880e+01
6.194255e+01
6.204642e+01
6.215017e+01
6.225392e+01
6.235767e+01
6.246155e+01
6.256530e+01
6.266905e+01
6.277292e+01
6.287668e+01
6.298055e+01
6.308430e+01
6.318817e+01
6.329193e+01
6.339580e+01
6.349955e+01
6.360343e+01
6.370717e+01
6.381105e+01
6.391480e+01
6.401868e+01
6.412242e+01
6.422618e+01
6.433005e+01
6.443380e+01
6.453757e+01
6.464143e+01
6.474530e+01
6.484905e+01
6.495292e+01
6.505669e+01
6.516055e+01
6.526430e+01
6.536805e+01
6.547193e+01
6.557568e+01
6.567942e+01
6.578318e+01
6.588693e+01
6.599080e+01
6.609455e+01
6.619830e+01
6.630208e+01
6.640595e+01
6.650968e+01
6.661343e+01
6.671730e+01
6.682105e+01
6.692481e+01
6.702868e+01
6.713244e+01
6.723630e+01
6.734005e+01
6.744382e+01
6.754768e+01
6.765155e+01
6.775530e+01
6.785906e+01
6.796293e+01
6.806681e+01
6.817055e+01
6.827443e+01
6.837818e+01
6.848205e+01
6.858593e+01
6.868968e+01
6.879356e+01
6.889743e+01
6.900118e+01
6.910505e+01
6.920893e+01
6.931280e+01
6.941681e+01
6.952068e+01
6.962456e+01
6.972844e+01
6.983232e+01
6.993632e+01
7.004006e+01
7.014393e+01
7.024756e+01
7.035118e+01
7.045481e+01
7.055857e+01
7.066218e+01
7.076581e+01
7.086943e+01
7.097306e+01
7.107668e+01
7.118031e+01
7.128393e+01
7.138768e+01
7.149131e+01
7.159508e+01
7.169881e+01
7.180243e+01
7.190620e+01
7.200981e+01
7.211368e+01
7.221745e+01
7.232131e+01
7.242518e+01
7.252906e+01
7.263293e+01
7.273695e+01
7.284082e+01
7.294481e+01
7.304881e+01
7.315283e+01
7.325669e+01
7.336068e+01
7.346456e+01
7.356856e+01
7.367258e+01
7.377644e+01
7.388045e+01
7.398444e+01
7.408844e+01
7.419256e+01
7.429656e+01
7.440068e+01
7.450481e+01
7.460881e+01
7.471282e+01
7.481693e+01
7.492108e+01
7.502520e+01
7.512956e+01
7.523381e+01
7.533819e+01
7.544256e+01
7.554693e+01
7.565131e+01
7.575568e+01
7.586022e+01
7.596471e+01
7.606919e+01
7.617371e+01
7.627806e+01
7.638246e+01
7.648681e+01
7.659106e+01
7.669531e+01
7.679944e+01
7.690356e+01
7.700769e+01
7.711181e+01
7.721594e+01
7.732006e+01
7.742406e+01
7.752819e+01
7.763219e+01
7.773619e+01
7.784019e+01
7.794421e+01
7.804806e+01
7.815207e+01
7.825594e+01
7.835982e+01
7.846369e+01
7.856758e+01
7.867132e+01
7.877519e+01
7.887906e+01
7.898294e+01
7.908681e+01
7.919069e+01
7.929444e+01
7.939831e+01
7.950220e+01
7.960606e+01
7.970994e+01
7.981382e+01
7.991756e+01
8.002146e+01
8.012519e+01
8.022894e+01
8.033281e+01
8.043667e+01
8.054044e+01
8.064432e+01
8.074810e+01
8.085196e+01
8.095570e+01
8.105944e+01
8.116321e+01
8.126694e+01
8.137070e+01
8.147457e+01
8.157833e+01
8.168207e+01
8.178594e+01
8.188970e+01
8.199344e+01
8.209731e+01
8.220107e+01
8.230484e+01
8.240857e+01
8.251244e+01
8.261621e+01
8.271996e+01
8.282382e+01
8.292757e+01
8.303144e+01
8.313519e+01
8.323894e+01
8.334282e+01
8.344657e+01
8.355044e+01
8.365432e+01
8.375819e+01
8.386207e+01
8.396595e+01
8.406985e+01
8.417369e+01
8.427769e+01
8.438159e+01
8.448544e+01
8.458932e+01
8.469320e+01
8.479707e+01
8.490094e+01
8.500482e+01
8.510871e+01
8.521245e+01
8.531633e+01
8.542019e+01
8.552396e+01
8.562782e+01
8.573159e+01
8.583532e+01
8.593907e+01
8.604282e+01
8.614669e+01
8.625046e+01
8.635421e+01
8.645807e+01
8.656182e+01
8.666569e+01
8.676945e+01
8.687320e+01
8.697695e+01
8.708070e+01
8.718457e+01
8.728832e+01
8.739207e+01
8.749583e+01
8.759969e+01
8.770345e+01
8.780732e+01
8.791107e+01
8.801495e+01
8.811870e+01
8.822259e+01
8.832632e+01
8.843020e+01
8.853407e+01
8.863782e+01
8.874158e+01
8.884545e+01
8.894920e+01
8.905295e+01
8.915680e+01
8.926059e+01
8.936432e+01
8.946809e+01
8.957183e+01
8.967557e+01
8.977934e+01
8.988320e+01
8.998695e+01
9.009070e+01
9.019445e+01
9.029833e+01
9.040208e+01
9.050595e+01
9.060970e+01
9.071357e+01
9.081732e+01
9.092107e+01
9.102484e+01
9.112870e+01
9.123245e+01
9.133622e+01
9.143995e+01
9.154370e+01
9.164760e+01
9.175121e+01
9.185508e+01
9.195883e+01
9.206258e+01
9.216632e+01
9.227007e+01
9.237383e+01
9.247758e+01
9.258132e+01
9.268507e+01
9.278883e+01
9.289258e+01
9.299632e+01
9.310020e+01
9.320395e+01
9.330783e+01
9.341158e+01
9.351545e+01
9.361920e+01
9.372308e+01
9.382683e+01
9.393070e+01
9.403458e+01
9.413845e+01
9.424233e+01
9.434620e+01
9.445009e+01
9.455395e+01
9.465771e+01
9.476158e+01
9.486546e+01
9.496933e+01
9.507320e+01
9.517695e+01
9.528083e+01
9.538470e+01
9.548858e+01
9.559247e+01
9.569633e+01
9.580033e+01
9.590433e+01
9.600846e+01
9.611245e+01
9.621660e+01
9.632058e+01
9.642472e+01
9.652870e+01
9.663283e+01
9.673683e+01
9.684083e+01
9.694485e+01
9.704871e+01
9.715272e+01
9.725658e+01
9.736058e+01
9.746446e+01
9.756833e+01
9.767221e+01
9.777608e+01
9.787984e+01
9.798358e+01
9.808747e+01
9.819108e+01
9.829484e+01
9.839870e+01
9.850247e+01
9.860620e+01
9.870996e+01
9.881383e+01
9.891758e+01
9.902133e+01
9.912508e+01
9.922896e+01
9.933271e+01
9.943658e+01
9.954033e+01
9.964408e+01
9.974796e+01
9.985171e+01
9.995546e+01
1.000592e+02
1.001630e+02
1.002668e+02
1.003706e+02
1.004744e+02
1.005782e+02
1.006820e+02
1.007857e+02
1.008896e+02
1.009933e+02
1.010972e+02
1.012010e+02
1.013047e+02
1.014085e+02
1.015123e+02
1.016161e+02
1.017198e+02
1.018236e+02
1.019273e+02
1.020311e+02
1.021348e+02
1.022387e+02
1.023425e+02
1.024462e+02
1.025500e+02
1.026537e+02
1.027576e+02
1.028613e+02
1.029651e+02
1.030688e+02
1.031726e+02
1.032765e+02
1.033802e+02
1.034840e+02
1.035877e+02
1.036916e+02
1.037954e+02
1.038991e+02
1.040027e+02
1.041065e+02
1.042102e+02
1.043140e+02
1.044178e+02
1.045216e+02
1.046253e+02
1.047292e+02
1.048330e+02
1.049367e+02
1.050405e+02
1.051443e+02
1.052481e+02
1.053520e+02
1.054558e+02
1.055596e+02
1.056635e+02
1.057673e+02
1.058712e+02
1.059752e+02
1.060791e+02
1.061831e+02
1.062871e+02
1.063911e+02
1.064951e+02
1.065991e+02
1.067031e+02
1.068071e+02
1.069111e+02
1.070151e+02
1.071190e+02
1.072230e+02
1.073270e+02
1.074310e+02
1.075350e+02
1.076390e+02
1.077428e+02
1.078468e+02
1.079508e+02
1.080548e+02
1.081588e+02
1.082629e+02
1.083668e+02
1.084708e+02
1.085748e+02
1.086788e+02
1.087829e+02
1.088870e+02
1.089910e+02
1.090950e+02
1.091990e+02
1.093030e+02
1.094070e+02
1.095110e+02
1.096150e+02
1.097190e+02
1.098230e+02
1.099270e+02
1.100310e+02
1.101350e+02
1.102390e+02
1.103430e+02
1.104470e+02
1.105510e+02
1.106550e+02
1.107590e+02
1.108628e+02
1.109668e+02
1.110708e+02
1.111748e+02
1.112788e+02
1.113827e+02
1.114867e+02
1.115907e+02
1.116947e+02
1.117986e+02
1.119026e+02
1.120066e+02
1.121106e+02
1.122146e+02
1.123186e+02
1.124226e+02
1.125266e+02
1.126306e+02
1.127346e+02
1.128386e+02
1.129426e+02
1.130466e+02
1.131506e+02
1.132546e+02
1.133586e+02
1.134626e+02
1.135666e+02
1.136706e+02
1.137746e+02
1.138785e+02
1.139825e+02
1.140863e+02
1.141903e+02
1.142943e+02
